774 1.0365559548621377
774.1355932203389 1.0460177062237008
774.271186440678 1.0358272943104154
774.4067796610169 1.032707946639995
774.542372881356 0.9691088438504849
774.6779661016949 1.0245455978371822
774.8135593220339 0.9634555579642594
774.9491525423729 0.9983832665068064
775.0847457627119 1.0467713095041162
775.2203389830509 0.9904438251290557
775.3559322033898 0.9954712336474643
775.4915254237288 0.9709468068390947
775.6271186440678 1.0305821606047019
775.7627118644068 1.098128368824824
775.8983050847457 1.0598798287529192
776.0338983050848 1.0690675575256066
776.1694915254237 1.1053199012270056
776.3050847457627 1.0759230058868994
776.4406779661017 1.0266648484541463
776.5762711864406 1.017697847005465
776.7118644067797 1.036206645582702
776.8474576271186 1.0834722276485351
776.9830508474577 1.133937145197521
777.1186440677966 1.1394527981798603
777.2542372881356 1.2361048289460186
777.3898305084746 1.3327361600292775
777.5254237288135 1.3946618723940176
777.6610169491526 1.526162430592855
777.7966101694915 1.6855595290795407
777.9322033898305 1.7706300251632356
778.0677966101695 1.8126598617318876
778.2033898305085 1.8219563486229333
778.3389830508474 1.7952180579758732
778.4745762711865 1.744232729101853
778.6101694915254 1.589929407840465
778.7457627118644 1.5498240617878594
778.8813559322034 1.491253698111521
779.0169491525423 1.4039993260866268
779.1525423728814 1.3521902875134089
779.2881355932203 1.3128936272126381
779.4237288135594 1.2697540113281462
779.5593220338983 1.2345276845972393
779.6949152542373 1.2138186915262992
779.8305084745763 1.2020575067376384
779.9661016949152 1.154408425212246
780.1016949152543 1.1514477768208238
780.2372881355932 1.087915665862468
780.3728813559322 1.0913623816633873
780.5084745762712 1.11924391256008
780.6440677966102 1.0801464309976865
780.7796610169491 1.074618748986893
780.9152542372881 1.0666483553821564
781.0508474576271 1.0438796871285803
781.1864406779661 1.0299408490105222
781.3220338983051 1.0185656462038821
781.457627118644 1.0402657016386172
781.5932203389831 1.0640043563479722
781.728813559322 1.0098303820312182
781.8644067796611 1.0632961313845826
