774 1.012628565258134
774.1355932203389 1.0082418849388395
774.271186440678 1.0218790381225942
774.4067796610169 1.0267293449511978
774.542372881356 1.013093519277768
774.6779661016949 1.0136023282937217
774.8135593220339 1.0029431397947297
774.9491525423729 1.032498814632019
775.0847457627119 1.037259870393017
775.2203389830509 1.0283365334867867
775.3559322033898 1.0267457250293672
775.4915254237288 1.0312422671371229
775.6271186440678 1.0284058318890539
775.7627118644068 1.0240499392812152
775.8983050847457 1.0403005503934963
776.0338983050848 1.060065825459385
776.1694915254237 1.0575538233558852
776.3050847457627 1.0673181440793131
776.4406779661017 1.0729019559086446
776.5762711864406 1.0878369120857192
776.7118644067797 1.1137930866291477
776.8474576271186 1.1341672460004313
776.9830508474577 1.1151130183160447
777.1186440677966 1.2081500457067555
777.2542372881356 1.344441446840925
777.3898305084746 1.3508455445376715
777.5254237288135 1.4228787322666072
777.6610169491526 1.5659714939787968
777.7966101694915 1.649006923317554
777.9322033898305 1.777029790777573
778.0677966101695 1.8291763036603692
778.2033898305085 1.8258468763602558
778.3389830508474 1.784576219407898
778.4745762711865 1.7227601719102936
778.6101694915254 1.6329254132973978
778.7457627118644 1.5400986869529811
778.8813559322034 1.4728720125167123
779.0169491525423 1.4143536367822485
779.1525423728814 1.3499391194583361
779.2881355932203 1.30212642219173
779.4237288135594 1.2728177384920487
779.5593220338983 1.2446176481527527
779.6949152542373 1.2166431293154063
779.8305084745763 1.1928488709937333
779.9661016949152 1.1732396174905544
780.1016949152543 1.132478880167247
780.2372881355932 1.129451741629417
780.3728813559322 1.1139731472874286
780.5084745762712 1.1007935071417636
780.6440677966102 1.0864127510772454
780.7796610169491 1.0801624913337196
780.9152542372881 1.0780121331490538
781.0508474576271 1.0662005253950273
781.1864406779661 1.0515412805112243
781.3220338983051 1.0377508741091086
781.457627118644 1.035569743028892
781.5932203389831 1.051400049360546
781.728813559322 1.0406424206541747
781.8644067796611 1.028053812150128
