774 1.0774174451518874
774.1355932203389 1.0552051984049333
774.271186440678 1.0047244771978807
774.4067796610169 1.0596220613753515
774.542372881356 1.078594037388767
774.6779661016949 1.0123090262651715
774.8135593220339 1.1030745503446662
774.9491525423729 1.0956881262908542
775.0847457627119 1.0187921324264186
775.2203389830509 0.9977955272338943
775.3559322033898 1.0460450569985351
775.4915254237288 1.0568559044673078
775.6271186440678 1.0410655026151852
775.7627118644068 1.0543935500453983
775.8983050847457 1.0648163376334225
776.0338983050848 1.0517662755512354
776.1694915254237 1.0398035878879872
776.3050847457627 1.028482200096462
776.4406779661017 1.0826972962227583
776.5762711864406 1.085857418492143
776.7118644067797 1.072121449872634
776.8474576271186 1.1635218213718908
776.9830508474577 1.1411814462991172
777.1186440677966 1.1614507897740878
777.2542372881356 1.2298074205323748
777.3898305084746 1.3385525142593302
777.5254237288135 1.4432201042374837
777.6610169491526 1.5163684590350464
777.7966101694915 1.5698418353333827
777.9322033898305 1.6161286548103466
778.0677966101695 1.6986783954384714
778.2033898305085 1.717720148417083
778.3389830508474 1.6733859876581954
778.4745762711865 1.554803808797827
778.6101694915254 1.529986711916647
778.7457627118644 1.427415640497212
778.8813559322034 1.3626280243362539
779.0169491525423 1.3683970419420786
779.1525423728814 1.3262755712739565
779.2881355932203 1.2738770264363168
779.4237288135594 1.2317114557504314
779.5593220338983 1.1907140283530553
779.6949152542373 1.1862724626885077
779.8305084745763 1.1702652884650826
779.9661016949152 1.1573036126939487
780.1016949152543 1.1404415686283405
780.2372881355932 1.1405331619969283
780.3728813559322 1.091237484007606
780.5084745762712 1.0678549288109047
780.6440677966102 1.0553560118323189
780.7796610169491 1.0248447655560446
780.9152542372881 1.0652942475751441
781.0508474576271 1.0845221847288653
781.1864406779661 1.0364293515570329
781.3220338983051 1.027414019048786
781.457627118644 1.0585658310768062
781.5932203389831 1.0506786060655129
781.728813559322 1.0385663926640594
781.8644067796611 1.0338578086796972
