774 1.038198243668246
774.1355932203389 1.024307860294483
774.271186440678 1.0034231994149465
774.4067796610169 1.0401790932053316
774.542372881356 1.0793090147523206
774.6779661016949 1.0375948658439729
774.8135593220339 1.0200161113720831
774.9491525423729 1.044358720418101
775.0847457627119 1.0388278935762898
775.2203389830509 1.0313983799074347
775.3559322033898 1.0430957310981839
775.4915254237288 1.00243494816222
775.6271186440678 0.9896176052825343
775.7627118644068 1.0441281340621487
775.8983050847457 1.074430592788742
776.0338983050848 1.0633766780027774
776.1694915254237 1.0538491007143573
776.3050847457627 1.0363843535255164
776.4406779661017 1.0549056507884114
776.5762711864406 1.089412633385134
776.7118644067797 1.0423200181396695
776.8474576271186 1.104428540834478
776.9830508474577 1.1882210512779485
777.1186440677966 1.1822477787271213
777.2542372881356 1.239106820660938
777.3898305084746 1.3656206001291231
777.5254237288135 1.386436164429374
777.6610169491526 1.3941182894943598
777.7966101694915 1.5165243414649927
777.9322033898305 1.6047462041960987
778.0677966101695 1.6411013826261858
778.2033898305085 1.651276885237115
778.3389830508474 1.55929091427371
778.4745762711865 1.5461278317751885
778.6101694915254 1.4180062220588319
778.7457627118644 1.37979995656685
778.8813559322034 1.3670524642876494
779.0169491525423 1.324656800102617
779.1525423728814 1.2403266563978352
779.2881355932203 1.2038584814922233
779.4237288135594 1.1753734744201818
779.5593220338983 1.139895797016278
779.6949152542373 1.1583066151731654
779.8305084745763 1.133671145598493
779.9661016949152 1.1103196989709083
780.1016949152543 1.0865837714168034
780.2372881355932 1.1071262839175233
780.3728813559322 1.1066316415730437
780.5084745762712 1.0718735980594882
780.6440677966102 1.0533766935851947
780.7796610169491 1.0632826145939571
780.9152542372881 1.0564809017012955
781.0508474576271 1.0593356940579213
781.1864406779661 1.0406106959753014
781.3220338983051 1.0073422755049126
781.457627118644 1.0197594689972593
781.5932203389831 1.0403362570314858
781.728813559322 1.0459985536822298
781.8644067796611 1.0128511153234854
