773.5 0.316676322106869 0.340315405993909
773.646551724138 0.321613724387505 0.335030030073574
773.793103448276 0.314298074377267 0.311454883434663
773.939655172414 0.333616974881766 0.340009098435218
774.086206896552 0.31737116665303 0.333845638128765
774.23275862069 0.335678631425441 0.345955729805212
774.379310344828 0.319951328047078 0.334565479375161
774.525862068966 0.327831794258251 0.316994247053279
774.672413793104 0.333778566936113 0.342089152141058
774.818965517241 0.338791254962624 0.326008686328527
774.965517241379 0.332581061595745 0.33448736443895
775.112068965517 0.334119925935956 0.349688942924695
775.258620689655 0.345806869372098 0.337284724981916
775.405172413793 0.34007490406093 0.341289373737928
775.551724137931 0.351229893830357 0.338367144597894
775.698275862069 0.340771783737901 0.373704785589081
775.844827586207 0.336934791248455 0.360989369653337
775.991379310345 0.343434566509476 0.362865947616108
776.137931034483 0.344713634484969 0.380553707723784
776.284482758621 0.357045130616479 0.386780688929598
776.431034482759 0.377930905676852 0.388853564985217
776.577586206897 0.380983996833863 0.387748466117249
776.724137931035 0.383086864458219 0.398152240282336
776.870689655172 0.415462468868697 0.454022132103732
777.01724137931 0.457045571435435 0.521582633761588
777.163793103448 0.528208085670291 0.607806774865296
777.310344827586 0.600684819726467 0.776213846237168
777.456896551724 0.730598058003267 0.992582384200756
777.603448275862 0.794666852052093 1.15630614762639
777.75 0.846248170142621 1.38906541739048
777.896551724138 0.86001922390727 1.50790780208781
778.043103448276 0.86947954401656 1.57143275832227
778.189655172414 0.849430825597963 1.5484724724114
778.336206896552 0.816364852206175 1.46607858489643
778.48275862069 0.783234234703567 1.36105109263618
778.629310344828 0.774523332819751 1.21850283466876
778.775862068966 0.724285693207886 1.11922819790305
778.922413793103 0.729558544478185 1.0687001311547
779.068965517241 0.717113904000094 0.986973959534568
779.215517241379 0.690660826609184 0.923777700688771
779.362068965517 0.685684067361814 0.882520135510934
779.508620689655 0.671238458800579 0.837933060534694
779.655172413793 0.659718699490917 0.801200189113323
779.801724137931 0.645752213819394 0.782155009613688
779.948275862069 0.651926828207515 0.753805171094743
780.094827586207 0.638166246043387 0.736095021827981
780.241379310345 0.642961122029895 0.698718295581603
780.387931034483 0.635253245671049 0.695225007858769
780.534482758621 0.619022267060564 0.69276857747421
780.681034482759 0.62480521938635 0.667962857126615
780.827586206897 0.617287732172214 0.665786865181342
780.974137931035 0.609185036251835 0.642763058343834
781.120689655173 0.602750733364844 0.624344580487912
781.26724137931 0.588037684250842 0.601964508319472
781.413793103448 0.593483654074533 0.606601267576571
781.560344827586 0.559721864007735 0.601993260061266
781.706896551724 0.573506539379525 0.577466432441116
781.853448275862 0.55740859038695 0.592248345851105
782 0.548140920439161 0.563912525238129