773.5 0.320158630219523 0.336985649488616
773.646551724138 0.309182817460917 0.337989495166927
773.793103448276 0.330063528683289 0.332963857970045
773.939655172414 0.315213182622334 0.333535785624787
774.086206896552 0.32630747219762 0.35268717127881
774.23275862069 0.336350051399881 0.337125278014284
774.379310344828 0.330674261803992 0.346398732275319
774.525862068966 0.317405445824382 0.344412302172194
774.672413793104 0.332795676229154 0.336600046034645
774.818965517241 0.320724804015309 0.354620529525346
774.965517241379 0.322488613853388 0.351111479843307
775.112068965517 0.336039373260134 0.338122991534159
775.258620689655 0.330101128852318 0.331841827192467
775.405172413793 0.331298036119838 0.351922363478246
775.551724137931 0.333580550903069 0.349094493376211
775.698275862069 0.343122553888543 0.357880233503093
775.844827586207 0.337892468006726 0.360662393412036
775.991379310345 0.349051270952731 0.367810247004851
776.137931034483 0.353956659712471 0.370305802020203
776.284482758621 0.368172486797706 0.376848532444466
776.431034482759 0.376469869313576 0.406717870976389
776.577586206897 0.3905569736902 0.42402077206336
776.724137931035 0.423041636976169 0.455006344271627
776.870689655172 0.459532649193614 0.539248106893717
777.01724137931 0.505527952512127 0.572417594743527
777.163793103448 0.581523286264897 0.68841859410554
777.310344827586 0.64427259007998 0.815843290281427
777.456896551724 0.745167940788775 1.04266001472249
777.603448275862 0.794917747061417 1.18020951895479
777.75 0.846453729574016 1.31894162196171
777.896551724138 0.869231412321838 1.38682636347359
778.043103448276 0.854311276232695 1.44234013831929
778.189655172414 0.837780573363555 1.43965878037921
778.336206896552 0.821896052459011 1.3769669664043
778.48275862069 0.80709160879436 1.25102565592796
778.629310344828 0.775297723774894 1.1812553562961
778.775862068966 0.781767122680748 1.09724560340618
778.922413793103 0.74435751751583 1.01081601143475
779.068965517241 0.706863114253704 0.96661813654868
779.215517241379 0.703131388757907 0.908246394163171
779.362068965517 0.693470307270997 0.872612124373356
779.508620689655 0.688273355927364 0.82377364174736
779.655172413793 0.674142779954838 0.802095873243083
779.801724137931 0.656764363182591 0.770380643670798
779.948275862069 0.652891932428685 0.757180277274821
780.094827586207 0.646123903524794 0.736950337563598
780.241379310345 0.625112913305464 0.712521411405968
780.387931034483 0.640780037081831 0.696036782643319
780.534482758621 0.633179495305857 0.674737966660426
780.681034482759 0.625330033923593 0.656352145435536
780.827586206897 0.621511435280899 0.636007652612355
780.974137931035 0.584822100197 0.63825929409311
781.120689655173 0.599739068993026 0.636696967809943
781.26724137931 0.595004119600716 0.605256962216751
781.413793103448 0.57348916593203 0.604886695466061
781.560344827586 0.571052227813064 0.601825779320614
781.706896551724 0.568375764686834 0.59082144027918
781.853448275862 0.548265766661784 0.567371345159077
782 0.554979872790611 0.563649837124147