773.5 0.326638347462047 0.324774099201474
773.646551724138 0.327301165779256 0.326339701297156
773.793103448276 0.322564330547258 0.332988381396291
773.939655172414 0.324188037270893 0.330718222255734
774.086206896552 0.326551479694665 0.328582309490961
774.23275862069 0.324143662467843 0.329889840356645
774.379310344828 0.326600314394905 0.335926576178977
774.525862068966 0.328922512115133 0.333398332523665
774.672413793104 0.32820490686686 0.33278766250219
774.818965517241 0.331475854057064 0.332563888282582
774.965517241379 0.325228054061402 0.336773780562387
775.112068965517 0.327928451981684 0.339642778355247
775.258620689655 0.331517907214841 0.34027739924784
775.405172413793 0.335738099677127 0.345184788652399
775.551724137931 0.339336283585576 0.350206637595473
775.698275862069 0.339252172376539 0.347616532621929
775.844827586207 0.344260256296187 0.354388221551883
775.991379310345 0.34361766342142 0.363876828323721
776.137931034483 0.349030784664773 0.368702776942079
776.284482758621 0.349673725575517 0.372864094443944
776.431034482759 0.360031722236934 0.386047359558374
776.577586206897 0.367515319982896 0.39987287543448
776.724137931035 0.3808270104281 0.425083153979396
776.870689655172 0.413919137266353 0.469364278453121
777.01724137931 0.454385578142677 0.509136505641659
777.163793103448 0.530412623932233 0.667010114311665
777.310344827586 0.604462900645864 0.830837516357792
777.456896551724 0.723525213581556 0.972492590937107
777.603448275862 0.801564477823118 1.22666423484848
777.75 0.85274100009121 1.36954749512619
777.896551724138 0.868983605081553 1.52199018305878
778.043103448276 0.861200581034429 1.57123696486526
778.189655172414 0.844059193220266 1.54314689730599
778.336206896552 0.804466206975675 1.43648431509963
778.48275862069 0.77751569252951 1.33586676493684
778.629310344828 0.752941109078576 1.21927558253953
778.775862068966 0.738546149051718 1.12410173688811
778.922413793103 0.724556876519161 1.05468765931794
779.068965517241 0.70203447354469 0.97632929336549
779.215517241379 0.68986850239132 0.912518012369481
779.362068965517 0.677141537413 0.870880814417599
779.508620689655 0.668595146252128 0.839090567043022
779.655172413793 0.654249339601785 0.80154161154452
779.801724137931 0.650627259263672 0.778271046441415
779.948275862069 0.645175068889083 0.760083136654712
780.094827586207 0.640932027039251 0.726508263658905
780.241379310345 0.632169039010977 0.713904013045387
780.387931034483 0.631868421687301 0.702716257819442
780.534482758621 0.619293732861757 0.680189181861346
780.681034482759 0.6198112391282 0.671428506816638
780.827586206897 0.609248273627173 0.657734280101945
780.974137931035 0.603397230895748 0.648713070312355
781.120689655173 0.59931830087395 0.633676726798831
781.26724137931 0.589581183857153 0.615929982147615
781.413793103448 0.584898616199803 0.602970151208269
781.560344827586 0.57221833598345 0.601241120185128
781.706896551724 0.560296837297052 0.584559741011473
781.853448275862 0.556786609750573 0.572391569581317
782 0.549375819765242 0.570341455394854
