773.5 0.326091387789614 0.332363423194434
773.646551724138 0.319206735586039 0.34203040574443
773.793103448276 0.33141358147284 0.334256182020454
773.939655172414 0.321517653809399 0.331630473614551
774.086206896552 0.321874919448787 0.333480988199974
774.23275862069 0.332553794223668 0.333229920568024
774.379310344828 0.331266794255839 0.340863714255051
774.525862068966 0.318795405677352 0.344389451588771
774.672413793104 0.323145562573695 0.335801160927418
774.818965517241 0.33399066028896 0.340768882405413
774.965517241379 0.329939904935502 0.345227995797325
775.112068965517 0.326700083291977 0.338475526299464
775.258620689655 0.335011836096334 0.345889530381409
775.405172413793 0.334180441863493 0.347747109840701
775.551724137931 0.350657068228763 0.343664185474667
775.698275862069 0.357470640339852 0.363065785484294
775.844827586207 0.343238579644695 0.368197563150797
775.991379310345 0.360495480648923 0.384022205124537
776.137931034483 0.357300568160173 0.37819833524404
776.284482758621 0.392881275961975 0.407328876965611
776.431034482759 0.402856569075604 0.423844642518234
776.577586206897 0.422158213618448 0.459854869456096
776.724137931035 0.441524959228443 0.459856761445004
776.870689655172 0.48601962176695 0.544708099526257
777.01724137931 0.528023745829687 0.632929687676714
777.163793103448 0.616826423118826 0.728684789319429
777.310344827586 0.656428284400533 0.847057411485907
777.456896551724 0.73189262094688 1.0286087211248
777.603448275862 0.810852013114667 1.10509540551177
777.75 0.849656570304442 1.2535069126466
777.896551724138 0.84604956214555 1.34485492468649
778.043103448276 0.853223370145672 1.39374016975048
778.189655172414 0.825025437440475 1.36724358936403
778.336206896552 0.837585657211079 1.30684398975406
778.48275862069 0.779219691566095 1.20187149205106
778.629310344828 0.79287893494863 1.11217206226129
778.775862068966 0.762955357288697 1.05225049219351
778.922413793103 0.758294462080466 1.03012757083469
779.068965517241 0.726048555280145 0.942550349954417
779.215517241379 0.7350090282463 0.886552986772136
779.362068965517 0.698887030954925 0.841290345473137
779.508620689655 0.700958913730827 0.796847212061326
779.655172413793 0.665140605729762 0.771658493162494
779.801724137931 0.668184484368319 0.760762244257534
779.948275862069 0.666329547798181 0.742496901284176
780.094827586207 0.647491126390995 0.703494170380517
780.241379310345 0.64782969715633 0.717564008178302
780.387931034483 0.623546900237095 0.688645151529038
780.534482758621 0.614656395030697 0.654871908726258
780.681034482759 0.611499419138422 0.64412372639322
780.827586206897 0.61339210601387 0.653966206302274
780.974137931035 0.588203281939532 0.618349910325236
781.120689655173 0.595641446015892 0.632389218967841
781.26724137931 0.595827315142893 0.60278365884931
781.413793103448 0.600848458547937 0.609387921035893
781.560344827586 0.572425825108918 0.592440349981467
781.706896551724 0.553905667991666 0.581282058716207
781.853448275862 0.546495868673842 0.554356304955753
782 0.548666309855281 0.55372170363719
