4.60517e+00 1.07580e+01 0.00000e+00
4.61512e+00 1.07483e+01 0.00000e+00
4.61512e+00 1.08039e+01 0.00000e+00
4.82831e+00 1.05949e+01 0.00000e+00
5.01064e+00 1.04044e+01 0.00000e+00
5.16479e+00 1.01952e+01 0.00000e+00
5.29832e+00 1.00143e+01 0.00000e+00
5.52146e+00 9.64869e+00 0.00000e+00
5.70378e+00 9.34978e+00 0.00000e+00
5.85793e+00 9.06511e+00 0.00000e+00
5.99146e+00 8.81859e+00 0.00000e+00
6.10925e+00 8.58459e+00 0.00000e+00
6.21461e+00 8.37539e+00 0.00000e+00
6.30992e+00 8.17678e+00 0.00000e+00
6.39693e+00 7.99524e+00 0.00000e+00
6.47697e+00 7.82608e+00 0.00000e+00
6.55108e+00 7.66933e+00 0.00000e+00
6.65686e+00 7.82711e+00 0.00000e+00
6.65686e+00 8.84322e+00 0.00000e+00
6.67203e+00 8.86586e+00 0.00000e+00
6.67608e+00 8.93089e+00 0.00000e+00
6.67608e+00 9.26737e+00 0.00000e+00
6.68461e+00 9.40470e+00 0.00000e+00
6.74524e+00 9.30863e+00 0.00000e+00
6.80239e+00 9.17389e+00 0.00000e+00
6.82990e+00 9.13748e+00 0.00000e+00
6.82990e+00 9.29222e+00 0.00000e+00
6.90776e+00 9.18916e+00 0.00000e+00
6.90776e+00 9.18916e+00 0.00000e+00
7.31322e+00 8.21392e+00 0.00000e+00
7.60090e+00 7.48154e+00 0.00000e+00
8.00637e+00 6.41237e+00 0.00000e+00
8.29405e+00 5.63475e+00 0.00000e+00
8.51719e+00 5.02221e+00 0.00000e+00
8.69951e+00 4.51620e+00 0.00000e+00
8.95014e+00 3.81441e+00 0.00000e+00
8.95014e+00 5.86864e+00 0.00000e+00
8.98720e+00 5.77800e+00 -1.02384e+00
9.21034e+00 5.20845e+00 -4.65802e-01
9.61581e+00 4.11296e+00 -2.03352e-01
9.90349e+00 3.30965e+00 -2.52312e-01
1.03090e+01 2.14448e+00 -1.96068e-01
1.05966e+01 1.29782e+00 -1.46497e-01
1.08198e+01 6.31932e-01 -1.81715e-01
1.10021e+01 8.17764e-02 -1.10327e-01
1.12898e+01 -7.93918e-01 -7.64581e-02
1.15129e+01 -1.47762e+00 -4.45838e-02
1.19184e+01 -2.72304e+00 6.70738e-02
1.22061e+01 -3.60035e+00 1.99017e-01
1.26115e+01 -4.80557e+00 4.13246e-01
1.28992e+01 -5.62088e+00 6.14006e-01
1.31224e+01 -6.21933e+00 7.47235e-01
1.33047e+01 -6.68156e+00 7.51526e-01
1.35924e+01 -7.35582e+00 1.06485e+00
1.38155e+01 -7.83031e+00 0.00000e+00