4.60517e+00 1.06733e+01 0.00000e+00
4.82831e+00 1.01663e+01 0.00000e+00
5.01064e+00 9.75210e+00 0.00000e+00
5.16479e+00 9.39368e+00 0.00000e+00
5.29832e+00 9.08305e+00 0.00000e+00
5.52146e+00 8.54812e+00 0.00000e+00
5.70378e+00 8.11044e+00 0.00000e+00
5.85793e+00 7.73634e+00 0.00000e+00
5.99146e+00 7.41224e+00 0.00000e+00
6.01591e+00 7.36298e+00 0.00000e+00
6.01591e+00 1.02313e+01 0.00000e+00
6.10925e+00 1.00433e+01 0.00000e+00
6.21461e+00 9.82498e+00 0.00000e+00
6.30992e+00 9.59672e+00 0.00000e+00
6.39693e+00 9.38843e+00 0.00000e+00
6.47697e+00 9.18612e+00 0.00000e+00
6.55108e+00 8.99863e+00 0.00000e+00
6.68461e+00 8.65592e+00 0.00000e+00
6.90776e+00 8.10475e+00 0.00000e+00
6.90776e+00 8.10475e+00 0.00000e+00
7.31322e+00 6.98593e+00 -3.56683e-01
7.60090e+00 6.16532e+00 -2.24506e-01
8.00637e+00 4.97510e+00 -2.06285e-01
8.29405e+00 4.11032e+00 -1.61528e-01
8.51719e+00 3.42979e+00 -1.70618e-01
8.69951e+00 2.86753e+00 -1.67910e-01
8.98720e+00 1.96952e+00 -1.27467e-01
9.21034e+00 1.26503e+00 -1.56730e-01
9.61581e+00 -3.31634e-02 -1.04230e-01
9.90349e+00 -9.65584e-01 -9.89701e-02
1.03090e+01 -2.29311e+00 -7.51200e-02
1.05966e+01 -3.24242e+00 -3.53334e-02
1.08198e+01 -3.98139e+00 -5.87694e-02
1.10021e+01 -4.58680e+00 1.15956e-02
1.12898e+01 -5.54204e+00 6.19969e-04
1.15129e+01 -6.28236e+00 5.66920e-02
1.19184e+01 -7.61732e+00 1.98359e-01
1.22061e+01 -8.54681e+00 2.45858e-01
1.26115e+01 -9.81542e+00 5.30669e-01
1.28992e+01 -1.06654e+01 7.25574e-01
1.31224e+01 -1.12848e+01 8.17846e-01
1.33047e+01 -1.17587e+01 1.25506e+00
1.35924e+01 -1.24429e+01 0.00000e+00