4.60517e+00 3.36432e-01 0.00000e+00 -9.06315e+00 0.00000e+00
4.82831e+00 3.35817e-01 0.00000e+00 -8.60025e+00 0.00000e+00
5.01064e+00 3.35202e-01 0.00000e+00 -8.22196e+00 0.00000e+00
5.16479e+00 3.34587e-01 0.00000e+00 -7.91119e+00 0.00000e+00
5.29832e+00 3.33971e-01 0.00000e+00 -7.64175e+00 0.00000e+00
5.52146e+00 3.31813e-01 0.00000e+00 -7.19744e+00 0.00000e+00
5.70378e+00 3.29959e-01 0.00000e+00 -6.83391e+00 0.00000e+00
5.85793e+00 3.26862e-01 0.00000e+00 -6.52894e+00 0.00000e+00
5.99146e+00 3.24067e-01 0.00000e+00 -6.26511e+00 0.00000e+00
6.10925e+00 3.20015e-01 0.00000e+00 -6.03428e+00 0.00000e+00
6.21461e+00 3.16574e-01 0.00000e+00 -5.82775e+00 0.00000e+00
6.30992e+00 3.11862e-01 0.00000e+00 -5.64252e+00 0.00000e+00
6.39693e+00 3.07444e-01 0.00000e+00 -5.47334e+00 0.00000e+00
6.47697e+00 3.00781e-01 0.00000e+00 -5.32058e+00 0.00000e+00
6.55108e+00 2.95033e-01 0.00000e+00 -5.17853e+00 0.00000e+00
6.68461e+00 2.84410e-01 0.00000e+00 -4.92333e+00 0.00000e+00
6.90776e+00 2.55518e-01 0.00000e+00 -4.50926e+00 0.00000e+00
6.90776e+00 2.55518e-01 0.00000e+00 -4.50926e+00 0.00000e+00
7.31322e+00 1.61672e-01 -6.10062e-01 -3.80099e+00 -6.18534e-01
7.60090e+00 4.46204e-02 -7.18956e-01 -3.34941e+00 -7.12451e-01
8.00637e+00 -2.22980e-01 -8.54408e-01 -2.81594e+00 -8.84343e-01
8.29405e+00 -4.92733e-01 -6.61191e-01 -2.52288e+00 -9.29056e-01
8.51719e+00 -7.39734e-01 -4.21688e-01 -2.34692e+00 -7.94142e-01
8.69951e+00 -9.57598e-01 -2.12295e-01 -2.23279e+00 -6.80492e-01
8.98720e+00 -1.31474e+00 -8.62432e-03 -2.09656e+00 -4.52324e-01
9.21034e+00 -1.59445e+00 -1.10342e-02 -2.01754e+00 -2.63236e-01
9.61581e+00 -2.11528e+00 -4.20203e-01 -1.90859e+00 -1.99091e-01
9.90349e+00 -2.52074e+00 -5.64545e-01 -1.85332e+00 -2.66297e-01
1.03090e+01 -3.16291e+00 -3.51838e-01 -1.81168e+00 -2.71498e-01
1.05966e+01 -3.65601e+00 -2.25248e-01 -1.80879e+00 -2.48931e-01
1.08198e+01 -4.05252e+00 -2.07470e-01 -1.82067e+00 -2.11728e-01
1.10021e+01 -4.38421e+00 -1.92243e-01 -1.83835e+00 -1.93157e-01
1.12898e+01 -4.92040e+00 -1.70942e-01 -1.87945e+00 -1.92078e-01
1.15129e+01 -5.34581e+00 -1.14017e-01 -1.92202e+00 -1.59580e-01
1.19184e+01 -6.13325e+00 -8.03166e-02 -2.02013e+00 -1.56801e-01
1.22061e+01 -6.69998e+00 -3.38205e-02 -2.10499e+00 -1.25446e-01
1.26115e+01 -7.50421e+00 -2.72131e-02 -2.24246e+00 -1.11814e-01
1.28992e+01 -8.07744e+00 -1.13919e-02 -2.35143e+00 -1.12947e-01
1.31224e+01 -8.52274e+00 6.88911e-03 -2.44210e+00 -7.98120e-02
1.33047e+01 -8.88661e+00 -2.16615e-02 -2.51967e+00 -1.36821e-01
1.35924e+01 -9.46166e+00 0.00000e+00 -2.64894e+00 0.00000e+00