0.01 mJ/cm^2 photon energy	0.01 mJ/cm^2 plus	0.01 mJ/cm^2 minus
745.811740455425 0.313397381054667 0.31494285105798
745.911123241307 0.314352476979835 0.31290328349791
746.010445386144 0.314014873035597 0.314815866779791
746.109828172026 0.313209076742581 0.313562297048004
746.209150326797 0.314598383997914 0.314209902081484
746.308472481568 0.31325492665762 0.314479016782672
746.407855267451 0.315520198006999 0.313172960899881
746.507177412287 0.313882805222803 0.314974513846907
746.60656019817 0.314176721304299 0.313615900926419
746.705882352941 0.314739079206419 0.314177279435906
746.805204507712 0.31387872608499 0.315217057598528
746.904587293595 0.314790877486557 0.313310968320455
747.003909438431 0.313230093453378 0.31479798305036
747.103292224314 0.314951903711965 0.313828808261301
747.202614379085 0.314898647264745 0.314028666156922
747.301936533856 0.313461486563712 0.315061048190714
747.401319319738 0.315347485117903 0.312505107785861
747.500641464575 0.313673022503265 0.31581450729481
747.600024250457 0.314164492917022 0.313708300508025
747.699346405229 0.314915167190079 0.314091612521241
747.79866856 0.314026010889477 0.31439143900698
747.898051345882 0.315079545934949 0.313786993546352
747.997373490719 0.313220912000981 0.315330893697933
748.096756276601 0.314396135569826 0.314117869670731
748.196078431372 0.314894504049682 0.314489193340949
748.295400586144 0.313877924129464 0.314876387560819
748.394783372026 0.315866944821812 0.314067957678122
748.494105516863 0.313462749026999 0.314793604908521
748.593488302745 0.315804258949343 0.313761266686748
748.692810457516 0.314658292514523 0.314746934653905
748.792132612287 0.314023285131847 0.314930419397108
748.89151539817 0.315614390721788 0.315059489658307
748.990837543006 0.314037614847519 0.314918211176411
749.090220328889 0.314879327353624 0.314227776441951
749.18954248366 0.314962437821996 0.314563412491195
749.288864638431 0.315405081585957 0.31556753653398
749.388247424314 0.315314846566008 0.314238446352761
749.48756956915 0.314320043482582 0.315654270690876
749.586952355033 0.31547864732337 0.314952217296719
749.686274509804 0.315264258257737 0.314683332337029
749.785596664575 0.315176126078397 0.315873864092182
749.884979450457 0.31570950995915 0.314362187822229
749.984301595294 0.314837349384136 0.315944933969173
750.083684381176 0.315936051515936 0.315386315081703
750.183006535948 0.315751807878546 0.314942832633625
750.282328690719 0.314871092759467 0.315707552599093
750.381711476601 0.316410646281941 0.315054558538769
750.481033621438 0.314693414678976 0.315873446762693
750.58041640732 0.315818794174386 0.315471409421653
750.679738562091 0.315813666132768 0.315392424185698
750.779060716863 0.315513333123594 0.315398052582009
750.878443502745 0.315882956449479 0.315586182948235
750.977765647582 0.315221636996847 0.315316996562641
751.077148433464 0.317162412168126 0.315149795664103
751.176470588235 0.314835436669018 0.315672875373272
751.275792743006 0.315673432964053 0.314647712303664
751.375175528889 0.316271676858688 0.316100612806851
751.474497673725 0.314411915805618 0.315141034491994
751.573880459608 0.316318515132747 0.315349649484593
751.673202614379 0.315512985786878 0.315285668772058
751.77252476915 0.315876772809726 0.315822244526719
751.871907555033 0.315592275071464 0.315751798914361
751.971229699869 0.315475390144179 0.315408766452674
752.070612485751 0.315390924867126 0.315570078903692
752.169934640523 0.31575255264668 0.315129445175425
752.269256795294 0.315534671187165 0.315829782260976
752.368639581176 0.316185098193239 0.315528997965525
752.467961726013 0.31593574114089 0.315913134884478
752.567344511895 0.315801975849738 0.31616422068677
752.666666666667 0.31469874313496 0.315268911973149
752.765988821438 0.316549524103539 0.315904554982991
752.86537160732 0.316008953100064 0.315551876483902
752.964693752157 0.315590542175749 0.315730332961264
753.064076538039 0.316677907548935 0.315848491151447
753.16339869281 0.314689088622218 0.315367351079728
753.262720847582 0.316759738384368 0.315854171622143
753.362103633464 0.315424888251061 0.315688927340553
753.461425778301 0.315835595639003 0.316074392499674
753.560808564183 0.317089209955056 0.315751280321879
753.660130718954 0.314519057100448 0.315530401032366
753.759452873725 0.316773621097666 0.315969529995716
753.858835659608 0.314932542916058 0.315572106719669
753.958157804444 0.316896755355382 0.316410699040097
754.057540590327 0.315719867467445 0.315299451412405
754.156862745098 0.31614287073668 0.316266215252497
754.256184899869 0.315807494156193 0.315644785247368
754.355567685751 0.315461692140642 0.31600233070666
754.454889830588 0.316010670907726 0.315280783104981
754.55427261647 0.315939557093245 0.315895848010668
754.653594771242 0.314733981099354 0.31563520243793
754.752916926013 0.316393303525997 0.315884798223979
754.852299711895 0.315857260066647 0.316017401421847
754.951621856732 0.31609050382393 0.316014233740934
755.051004642614 0.31559526397393 0.315648178328584
755.150326797385 0.315460909743515 0.315076148808803
755.249648952157 0.315974231695292 0.316121524557279
755.349031738039 0.315578977033893 0.315059441120733
755.448353882876 0.315853455880958 0.316036635216609
755.547736668758 0.315869629251148 0.315532808304426
755.647058823529 0.314708341873514 0.315969249888507
755.746380978301 0.315674218388508 0.315803760818639
755.845763764183 0.315567663339252 0.314880564935389
755.94508590902 0.314990392184747 0.316426810811061
756.044468694902 0.315962483504361 0.314627695623158
756.143790849673 0.315168036548376 0.316106301080472
756.243113004444 0.316181876808441 0.314772375700595
756.342495790327 0.314265429043968 0.315756023862367
756.441817935163 0.315465495602877 0.315318202753149
756.541200721046 0.315627456841585 0.315105238790018
756.640522875817 0.315265387133053 0.314940917095062
756.739845030588 0.315199580261656 0.315172831575394
756.83922781647 0.314500681264417 0.315335481081467
756.938549961307 0.315368087025977 0.316100828392757
757.037932747189 0.315055601044382 0.314689145302316
757.137254901961 0.315068752713134 0.315444696006255
757.236577056732 0.315409822432076 0.314755485290836
757.335959842614 0.314377385283255 0.315130984499723
757.435281987451 0.315703760099795 0.315521905276722
757.534664773333 0.314275401693063 0.314531948564836
757.633986928105 0.314198046066891 0.315422153894317
757.733309082876 0.315490327400789 0.315211176338254
757.832691868758 0.314227302158012 0.314694904143888
757.932014013595 0.31475405540405 0.315503664745852
758.031396799477 0.314182935971899 0.314846688561696
758.130718954248 0.314741405148094 0.315082186480383
758.23004110902 0.314813823565104 0.314940023170667
758.329423894902 0.314333258276411 0.314361423298132
758.428746039739 0.314989071554128 0.315131635027673
758.528128825621 0.314436267109898 0.314388665360454
758.627450980392 0.313592169643442 0.314888758721118
758.726773135163 0.314836619037088 0.314813864996838
758.826155921046 0.313675164791798 0.313830009481215
758.925478065882 0.314239002889976 0.314548256397315
759.024860851765 0.314122501108165 0.314233478649722
759.124183006536 0.31369165099171 0.314325200108672
759.223505161307 0.314349213685559 0.313984852788187
759.322887947189 0.312978414079667 0.314278299124517
759.422210092026 0.314719085480524 0.314305574706549
759.521592877908 0.313709681549677 0.314501937448654
759.62091503268 0.314069525855401 0.313231675979223
759.720237187451 0.313808229270085 0.314847970514915
759.819619973333 0.313797877088042 0.314207462246384
759.91894211817 0.313826106561997 0.314087286416373
760.018324904052 0.314083398364532 0.31346495785742
760.117647058823 0.313389314144983 0.314041362702236
760.216969213595 0.31408931225649 0.313433767831324
760.316351999477 0.313607716115694 0.313362455693124
760.415674144314 0.313390516187868 0.313913577208952
760.515056930196 0.313673120983649 0.313635308617503
760.614379084967 0.313416210535309 0.313934155531078
760.713701239739 0.313371060533897 0.313237647114855
760.813084025621 0.313917852159901 0.313668972461941
760.912406170457 0.312840821811754 0.313398895752936
761.01178895634 0.313930602794795 0.313835033255309
761.111111111111 0.313191234484005 0.313511084716741
761.210433265882 0.313604904981897 0.312737407832345
761.309816051765 0.312868434786614 0.314306361112668
761.409138196601 0.31348422694753 0.312243213983565
761.508520982484 0.312794534930406 0.314427026046213
761.607843137255 0.312754386442583 0.313091520717999
761.707165292026 0.313626499512243 0.313787277368925
761.806548077908 0.313058362905103 0.313470689286235
761.905870222745 0.31317629268646 0.312908943986244
762.005253008627 0.313970837589218 0.313226421278344
762.104575163399 0.312417938554687 0.313036533034197
762.20389731817 0.31343980678513 0.313734979934558
762.303280104052 0.313066403734581 0.313679560319717
762.402602248889 0.313118127910622 0.312366053463672
762.501985034771 0.31295288925306 0.312863107071538
762.601307189542 0.312477954162508 0.313467833042909
762.700629344314 0.313500155161255 0.313201563925084
762.800012130196 0.312620545467478 0.312323138673674
762.899334275033 0.313481770954646 0.312897496106833
762.998717060915 0.312564237853354 0.312946325443728
763.098039215686 0.312375065599114 0.313273028132506
763.197361370457 0.313828211674194 0.312699605647578
763.29674415634 0.312522239464167 0.312659765222929
763.396066301177 0.31287138232197 0.312552878840698
763.495449087059 0.312876887587152 0.312737824131833
763.59477124183 0.312813540145151 0.312323187926838
763.694093396601 0.312988864753401 0.313614535941287
763.793476182484 0.312587677124649 0.311523677169123
763.89279832732 0.313261507150313 0.312842327089011
763.992181113203 0.312829635607838 0.312822304806199
764.091503267974 0.311971262881492 0.312587011168297
764.190825422745 0.313160032425098 0.312585800518788
764.290208208627 0.312223932777025 0.312504507206926
764.389530353464 0.313172090514163 0.312913672180328
764.488913139346 0.312526277380335 0.312323153528939
764.588235294118 0.312846037039796 0.31250407340026
764.687557448889 0.312741743622393 0.31312895701927
764.786940234771 0.311791804519245 0.312516446310485
764.886262379608 0.313203949704598 0.313164855429233
764.98564516549 0.311837906373606 0.312235076454288
765.084967320261 0.313071995932356 0.31238528400847
765.184289475033 0.313152568971715 0.313054172965282
765.283672260915 0.31241290249949 0.31220075531122
765.382994405752 0.313187327688124 0.312796893129295
765.482377191634 0.312067596554236 0.313011466199018
765.581699346405 0.312808940282407 0.312621836277095
765.681021501176 0.313343499352512 0.313018617958631
765.780404287059 0.312647237929131 0.311929824495583
765.879726431895 0.312859600875806 0.31385782260491
765.979109217778 0.31223166236897 0.312681270054806
766.078431372549 0.313927654181768 0.313131211193796
766.17775352732 0.312372071724906 0.313258356392299
766.277136313203 0.313592998606491 0.312000196874892
766.376458458039 0.312556451796046 0.313059994439773
766.475841243922 0.312459450633215 0.312412549717267
766.575163398693 0.314150660472276 0.313665736400165
766.674485553464 0.31297920986073 0.313371649058852
766.773868339346 0.313346602322841 0.313100478721228
766.873190484183 0.313602882230636 0.313658776107223
766.972573270065 0.313369552201239 0.312832770251851
767.071895424837 0.312918863692077 0.313216841696377
767.171217579608 0.313369431504814 0.313715544590464
767.27060036549 0.313318234706439 0.313493903001375
767.369922510327 0.313545485097023 0.314106190119609
767.469305296209 0.313506631466023 0.313037072782931
767.56862745098 0.314268818378522 0.313236228166195
767.667949605752 0.312745876951028 0.313811131938191
767.767332391634 0.314008045718103 0.313435811352993
767.866654536471 0.313708872992907 0.314441860096115
767.966037322353 0.313251598998915 0.313237342127721
768.065359477124 0.314232000371643 0.314801764470635
768.164681631895 0.313773826550678 0.31359480068738
768.264064417778 0.313976075983869 0.313476338624946
768.363386562614 0.314492578944159 0.314505602120955
768.462769348497 0.314035836393577 0.314066362987575
768.562091503268 0.31452751467913 0.314753473704789
768.661413658039 0.313728683920544 0.313995064087015
768.760796443921 0.315040421045084 0.314834006932546
768.860118588758 0.313996815531331 0.315395770650426
768.95950137464 0.314413802061845 0.314960327567538
769.058823529412 0.31565027916628 0.31554002801495
769.158145684183 0.314620509230274 0.315333503324701
769.257528470065 0.315083418955106 0.315604058013336
769.356850614902 0.315764609002707 0.315373369246229
769.456233400784 0.315273635883931 0.314848021792026
769.555555555556 0.315825026351154 0.316091888159811
769.654877710327 0.314758593025988 0.316245112765096
769.754260496209 0.317045014832658 0.31636833307546
769.853582641046 0.31516329458449 0.316488902330165
769.952965426928 0.317131500118844 0.316229327825697
770.052287581699 0.316297341143507 0.316912460281483
770.151609736471 0.316340703535388 0.316920588079208
770.250992522353 0.317024017830028 0.317347567645584
770.35031466719 0.316680252664236 0.317281809481815
770.449697453072 0.317320974345539 0.317649575332319
770.549019607843 0.316797144755737 0.318033796759908
770.648341762614 0.318573468476812 0.317312374728264
770.747724548497 0.318032142012815 0.318253440345031
770.847046693333 0.317761106431307 0.318501356205558
770.946429479216 0.318258812123113 0.318432472751431
771.045751633987 0.318557098175588 0.318076056030288
771.145073788758 0.318350393275453 0.318493835763491
771.244456574641 0.3193249031946 0.320144477358355
771.343778719477 0.3186117688562 0.319791025588638
771.443161505359 0.320281177323788 0.320248220030183
771.542483660131 0.318789359277504 0.319992905177483
771.641805814902 0.320070905990271 0.320619281135457
771.741188600784 0.319271774099636 0.320678623759227
771.840510745621 0.320162451524285 0.320397747750286
771.939893531503 0.320221836770822 0.32175945843016
772.039215686274 0.320260405437898 0.321442164474334
772.138537841046 0.321367913164313 0.322122221525833
772.237920626928 0.320899677089379 0.32172724900666
772.337242771765 0.321346454010253 0.322526142709956
772.436625557647 0.322073938638339 0.322944773215685
772.535947712418 0.32093891814951 0.323268485333137
772.63526986719 0.322683938644384 0.324160224243391
772.734652653072 0.32159622956111 0.324470338499705
772.833974797909 0.322807336828674 0.324615006164486
772.933357583791 0.323366423072686 0.325618495375997
773.032679738562 0.323251346309581 0.32527884272774
773.132001893333 0.323926025444265 0.326237695108795
773.231384679216 0.323732385075207 0.326040688551624
773.330706824052 0.324659768307127 0.326764340592879
773.430089609935 0.324500148939701 0.328700551553213
773.529411764706 0.325414269226948 0.327477125085501
773.628733919477 0.325508618769778 0.32969377004409
773.728116705359 0.32584582509172 0.329414509352221
773.827438850196 0.326616013151357 0.329727100145135
773.926821636078 0.327186659822979 0.330214497780315
774.02614379085 0.327653481836943 0.332005987917538
774.125465945621 0.327761940890519 0.332012957587182
774.224848731503 0.328707317104272 0.332929742996905
774.32417087634 0.329478504646627 0.334036150979048
774.423553662222 0.328880282012455 0.334681139301708
774.522875816993 0.330505136492448 0.336083942815996
774.622197971765 0.330970979834483 0.336830062695643
774.721580757647 0.331454482254722 0.337494410560973
774.820902902484 0.332765731572896 0.339531663016536
774.920285688366 0.332195305124259 0.339845941938265
775.019607843137 0.3341569218408 0.342179213484259
775.118929997909 0.335027610287612 0.3424164430808
775.218312783791 0.335073228833358 0.344348633937152
775.317634928628 0.337044008244892 0.345807618191493
775.41701771451 0.337255974680005 0.347101002207024
775.516339869281 0.339414261319735 0.350836183612671
775.615662024052 0.339980288172735 0.351889765160931
775.715044809935 0.341196347366945 0.354253269017593
775.814366954771 0.343764705441211 0.357834145956768
775.913749740654 0.344078134937916 0.360226515068292
776.013071895425 0.347216866648695 0.365025721185311
776.112394050196 0.348822996135407 0.368168763794787
776.211776836078 0.352095345879072 0.373167699118419
776.311098980915 0.355390348700893 0.379243636858818
776.410481766797 0.359933128697785 0.386762261377745
776.509803921569 0.365563889704082 0.396844195947088
776.60912607634 0.372570534636563 0.409269503180178
776.708508862222 0.384197723536647 0.425280656391437
776.807831007059 0.398603907862908 0.449988855651961
776.907213792941 0.417927545179127 0.476142613193671
777.006535947712 0.44640257645201 0.522167766668231
777.105858102484 0.487442389971018 0.588883555800056
777.205240888366 0.548057865795956 0.673548328583854
777.304563033203 0.614145815516127 0.796650423320886
777.403945819085 0.680821802363863 0.925440988247804
777.503267973856 0.744905666297028 1.063006173724
777.602590128627 0.800791176662371 1.20650248287359
777.70197291451 0.837908663204771 1.34488233734113
777.801295059347 0.865092804015788 1.45076313541752
777.900677845229 0.872243012103905 1.52983633315242
778 0.869187866504682 1.57120373583877
778.099322154771 0.858956072093393 1.5677149821943
778.198704940654 0.842561561284016 1.53009979666575
778.29802708549 0.824936399578521 1.47420795366797
778.397409871373 0.806205010675281 1.4004152598044
778.496732026144 0.790038001098532 1.32307222994326
778.596054180915 0.774576821186402 1.2518054263922
778.695436966797 0.758951075004442 1.18296508566679
778.794759111634 0.74682864511803 1.12529537687529
778.894141897516 0.734688667886068 1.06946512131527
778.993464052288 0.723180422309112 1.02322203845871
779.092786207059 0.713200455084029 0.982272849029083
779.192168992941 0.702360207355694 0.946519899400267
779.291491137778 0.693658379455714 0.913093878292987
779.39087392366 0.685672262457008 0.882150870389032
779.490196078431 0.676761626126674 0.854711140615137
779.589518233203 0.671476535325664 0.825941504521132
779.688901019085 0.661395369161674 0.805722030129237
779.788223163922 0.656302024994172 0.788277112765935
779.887605949804 0.65152401722016 0.772204215149934
779.986928104575 0.646590153913763 0.756889955278594
780.086250259346 0.642170020667788 0.742356414724662
780.185633045229 0.637667737129815 0.728479880925484
780.284955190065 0.634146360426247 0.716005480978287
780.384337975948 0.630003222189036 0.705605002538538
780.483660130719 0.625873529305469 0.694379369360289
780.58298228549 0.621827640098967 0.68377605005219
780.682365071373 0.617179627092404 0.673983558699904
780.781687216209 0.612318050154137 0.663743661311409
780.881070002092 0.607367396134396 0.654971149803297
780.980392156863 0.602208169244343 0.644697996437903
781.079714311634 0.597015537434753 0.636599318059588
781.179097097516 0.591019038797745 0.628704431976354
781.278419242353 0.58554496010667 0.619513954019693
781.377802028235 0.581240314054674 0.613170824409761
781.477124183007 0.574087052821584 0.605648254898152
781.576446337778 0.569614694031373 0.597184297748111
781.67582912366 0.563784726054653 0.591283239087281
781.775151268497 0.558463582186 0.583740775133445
781.874534054379 0.553104420130781 0.577754456194641
781.97385620915 0.548765695222335 0.571613344932608
782.073178363922 0.54294749600619 0.565385770257164
782.172561149804 0.539194863338596 0.561122501646651
782.271883294641 0.53475160183275 0.5542559258104
782.371266080523 0.5300735792755 0.550043994550538
782.470588235294 0.526717316826561 0.544752821455867
782.569910390065 0.521986777199994 0.539869481015379
782.669293175948 0.519326183979065 0.535971900563929
782.768615320784 0.515183207266873 0.53110207386269
782.867998106667 0.51286089310738 0.528910312776014
782.967320261438 0.508664500423687 0.523959667650426
783.066642416209 0.506353657782107 0.521256509594346
783.166025202092 0.503962981996298 0.517327040331459
783.265347346928 0.50224671270323 0.514996626421631
783.364730132811 0.498493578579597 0.512193917427991
783.464052287582 0.498518693056427 0.509626073473823
783.563374442353 0.495689930348432 0.507136407885463
783.662757228235 0.494800980454192 0.504616610610661
783.762079373072 0.492179455245398 0.50233675479987
783.861462158954 0.491300549599571 0.500440783232897
783.960784313726 0.490140797222531 0.498964123759147
784.060106468497 0.488980884011692 0.49718610882617
784.159489254379 0.488500384646728 0.495632527084461
784.258811399216 0.487250192795222 0.495197790150553
784.358194185098 0.486108249532326 0.492788737506302
784.457516339869 0.48724871554006 0.491887626295325
784.556838494641 0.484904073760162 0.4914796409434
784.656221280523 0.486133777441478 0.490202619192977
784.75554342536 0.484311634941553 0.489382161140057
784.854926211242 0.48423646130393 0.488308699201763
784.954248366013 0.483497017910392 0.488249065212689
785.053570520784 0.483403238836038 0.487203903027281
785.152953306667 0.482717001208638 0.486394653307227
785.252275451503 0.482457036760327 0.485844038791116
785.351658237386 0.481140101317749 0.48528463171748
785.450980392157 0.482639606387333 0.484323333631771
785.550302546928 0.479664137128128 0.483653505033008
785.649685332811 0.481322042039188 0.482696497083852
785.749007477647 0.479026262777582 0.48355512329643
785.84839026353 0.479214458449858 0.481630323577165
785.947712418301 0.478837473643169 0.481355847779827
786.047034573072 0.478125832290733 0.480577698608569
786.146417358954 0.478907531492746 0.480164481530209
786.245739503791 0.47589717529419 0.480883378833594
786.345122289673 0.4772684727099 0.478809846341745
786.444444444444 0.476316688766381 0.479517138945806
786.543766599216 0.475980090729211 0.478047597666146
786.643149385098 0.475705993861449 0.478651875432571
786.742471529935 0.473861453680326 0.477813773251953
786.841854315817 0.474718190242109 0.477530307206835
786.941176470588 0.473544034256925 0.477271694646221
787.04049862536 0.47335505461647 0.477381158489613
787.139881411242 0.4739506885652 0.475722692471975
787.239203556079 0.471863764761563 0.476283191680591
787.338586341961 0.473428205400179 0.476205228190682
787.437908496732 0.470924063986916 0.475895156869603
787.537230651503 0.471914393748284 0.475448862791655
787.636613437386 0.471212608968519 0.475782117795437
787.735935582222 0.471116229938876 0.475077677506112
787.835318368105 0.470241902831063 0.475079648870794
787.934640522876 0.470548424629505 0.474360640659989
788.033962677647 0.47011259404637 0.47568580442082
788.133345463529 0.470240300287833 0.47558631289218
788.232667608366 0.470763921446515 0.475198652831472
788.332050394248 0.469789061446273 0.475040045974545
788.43137254902 0.469784223099527 0.474887292572126
788.530694703791 0.470157477065861 0.475327382479646
788.630077489673 0.46964860157303 0.475567754983668
788.72939963451 0.469847090930952 0.475255778735724
788.828782420392 0.470044372259583 0.475294323311605
788.928104575164 0.469899848115282 0.475273358734109
789.027426729935 0.47032147702862 0.475994474201376
789.126809515817 0.470174101648964 0.47534140079971
789.226131660654 0.470369605301021 0.476549116994748
789.325514446536 0.470253511765359 0.475250478670887
789.424836601307 0.470632000822794 0.476525597841844
789.524158756078 0.471776873139568 0.476417700617541
789.623541541961 0.471309669682719 0.476052440431745
789.722863686798 0.471740378130125 0.47692662648546
789.82224647268 0.47258005824964 0.476826595278827
789.921568627451 0.472588669066898 0.478063894884978
790.020890782222 0.473289501110999 0.476790736872524
790.120273568105 0.473738275294767 0.477709508431474
790.219595712941 0.475111783029085 0.478135916226943
790.318978498824 0.475186669311898 0.477478399733557
790.418300653595 0.476377192361954 0.479031933889295
790.517622808366 0.477798220443775 0.479170600892306
790.617005594249 0.478064670874114 0.480090412547256
790.716327739085 0.481356788047271 0.479741811774461
790.815710524967 0.48128537206074 0.48146320474096
790.915032679739 0.483565304156139 0.482162227726477
791.01435483451 0.486990426632304 0.483492595802065
791.113737620392 0.488800446553451 0.485315759388589
791.213059765229 0.494608845172195 0.486326343549755
791.312442551111 0.49688967709817 0.488443549538742
791.411764705882 0.502819028890982 0.491131598895416
791.511086860654 0.509202951488924 0.494406921693367
791.610469646536 0.516817735592682 0.498276863528788
791.709791791373 0.527587456279181 0.50490195368355
791.809174577255 0.539378029866713 0.511150791125426
791.908496732026 0.557037739031593 0.519826499212766
792.007818886798 0.573634213975473 0.527825244318317
792.10720167268 0.594690726797893 0.539897291369249
792.206523817516 0.618476649366691 0.551059079741567
792.305906603399 0.643124266904262 0.562950115673318
792.40522875817 0.669230057196988 0.576875108656346
792.504550912941 0.6926433858775 0.588349150655486
792.603933698824 0.714357009156978 0.599506823506169
792.70325584366 0.732240781347191 0.607567626490186
792.802638629543 0.750238077855311 0.615409819100709
792.901960784314 0.762499754853387 0.621276749095148
793.001282939085 0.770624607100871 0.626085720315269
793.100665724967 0.777966527851364 0.627859562360366
793.199987869804 0.780016534682179 0.628905876873142
793.299370655686 0.779603452316915 0.629200901151585
793.398692810458 0.777436376529643 0.628089236542696
793.498014965229 0.773394161981759 0.627643040508302
793.597397751111 0.767041250441653 0.62510195172672
793.696719895948 0.762178511813063 0.622706813836847
793.79610268183 0.754743590286646 0.619347223577868
793.895424836601 0.74725982240309 0.617018147812392
793.994746991373 0.739891185031613 0.613974363650736
794.094129777255 0.732732218170374 0.609743488851497
794.193451922092 0.722410022187035 0.607426246132444
794.292834707974 0.714858321912227 0.602586050315467
794.392156862745 0.706245006339023 0.600265047741378
794.491479017516 0.699229289122927 0.595859690060266
794.590861803399 0.690189550382867 0.591712572808211
794.690183948235 0.682616256326418 0.588815519087163
794.789566734118 0.675904764794475 0.585573651883713
794.888888888889 0.668269206209233 0.5831192680309
794.98821104366 0.662313464247349 0.578654249692039
795.087593829543 0.655484656221429 0.576154425298717
795.186915974379 0.649768866859559 0.573786082022256
795.286298760262 0.643972740497506 0.570033719133318
795.385620915033 0.637007273878494 0.568888504412435
795.484943069804 0.633467474083658 0.564977860909469
795.584325855686 0.626973146212433 0.562947039078717
795.683648000523 0.623329326825237 0.56150523310713
795.783030786405 0.617686938570831 0.55792225372068
795.882352941177 0.614439074260389 0.556672922994479
795.981675095948 0.608670497611288 0.554237984244298
796.08105788183 0.604509489215263 0.551908493075048
796.180380026667 0.60161856937847 0.550651071221385
796.279762812549 0.597582082437441 0.547788705399399
796.37908496732 0.594908586550825 0.547449191403095
796.478407122092 0.590033407699019 0.544691045646887
796.577789907974 0.587791498185258 0.54299768633188
796.677112052811 0.584571092149878 0.54186247824285
796.776494838693 0.581142626302357 0.540007252285787
796.875816993464 0.579396342427749 0.539567110666446
796.975139148235 0.575535121292087 0.536802549660557
797.074521934118 0.573682568676808 0.537233438783688
797.173844078954 0.570744832663344 0.534879868122796
797.273226864837 0.569069922815005 0.534075376497139
797.372549019608 0.566300607317289 0.533028985318178
797.471871174379 0.564952288425079 0.530838560997973
797.571253960262 0.563196705590825 0.531617155207785
797.670576105098 0.560686451449893 0.529292333748912
797.769958890981 0.559718956427469 0.529579932173159
797.869281045752 0.557074895500053 0.527775078065103
797.968603200523 0.556267828578311 0.527161940620776
798.067985986405 0.555416099969276 0.527292926895056
798.167308131242 0.552994795255357 0.525763427617413
798.266690917124 0.552690898078588 0.525682519287466
798.366013071896 0.549823658745125 0.525097360510693
798.465335226667 0.550145476266797 0.52412663496374
798.564718012549 0.548163903103834 0.524514248575109
798.664040157386 0.547280371994056 0.52277922208368
798.763422943268 0.5473201868496 0.523904546747235
798.862745098039 0.544856483114579 0.522204943507855
798.962067252811 0.545818768358116 0.522332496876477
799.061450038693 0.542926132305429 0.522534370892487
799.16077218353 0.543557642119436 0.521648031040454
799.260154969412 0.542871920201418 0.523081926906767
799.359477124183 0.542279650617916 0.520365431827316
799.458799278954 0.54145534832461 0.522100580001638
799.558182064837 0.540269934000611 0.521730188175898
799.657504209673 0.540797337533235 0.520520695411985
799.756886995556 0.539748844866476 0.522207952733669
799.856209150327 0.53861407716155 0.520536456411019
799.955531305098 0.539300817239385 0.522667341074271
800.05491409098 0.537659045413744 0.520823403536685
800.154236235817 0.538823612798664 0.521403227376388
800.2536190217 0.536451902969593 0.521666094371096
800.352941176471 0.537197617830071 0.520671528280967
800.452263331242 0.537185853338405 0.521645816471122
800.551646117124 0.535443087574286 0.520930273658561
800.650968261961 0.537118654774905 0.521444168203416
800.750351047843 0.534662920489088 0.520907609317601
800.849673202615 0.536110382531069 0.520044922871493
800.948995357386 0.53425996302134 0.520986001392487
801.048378143268 0.534674249113609 0.520354756199805
801.147700288105 0.534655440617193 0.520775652404992
801.247083073987 0.533488097477228 0.520386688219044
801.346405228758 0.534419103742665 0.520223727935098
801.44572738353 0.532421811190519 0.521328587208137
801.545110169412 0.533800553143442 0.520543472485182
801.644432314249 0.532900814426003 0.520749102037878
801.743815100131 0.533018757864561 0.520582757076665
801.843137254902 0.532880729012464 0.520937627134244
801.942459409673 0.532052629985618 0.520669057525092
802.041842195556 0.532235652851299 0.520979895034914
802.141164340392 0.531787790747253 0.521101437815852
802.240547126275 0.532077982873487 0.519862601492596
802.339869281046 0.531884626335831 0.521595622089133
802.439191435817 0.531905350223475 0.520120486793065
802.5385742217 0.531000528122944 0.521167278559573
802.637896366536 0.531264404077322 0.521260717654226
802.737279152418 0.532322899864017 0.521467682116221
802.83660130719 0.530776290389911 0.521524231448584
802.935923461961 0.531497617419307 0.521427556428434
803.035306247843 0.531130789674283 0.522406997018496
803.13462839268 0.531537117541406 0.521794760889381
803.234011178562 0.532419945718431 0.522063737389392
803.333333333334 0.531258238984795 0.522543678489426
803.432655488105 0.531792747078117 0.521983639235843
803.532038273987 0.531564187945377 0.523329045408118
803.631360418824 0.531776942196348 0.522607256461335
803.730743204706 0.531801275656401 0.523816692295342
803.830065359477 0.531919515809445 0.523341848381416
803.929387514249 0.531883431401311 0.524266080685254
804.028770300131 0.532484230532729 0.523845084015486
804.128092444967 0.532380892962964 0.523145943993201
804.22747523085 0.532436743719135 0.525690819688618
804.326797385621 0.53209971653634 0.52347505661453
804.426119540392 0.532890002717813 0.525179909240776
804.525502326275 0.531960979107918 0.525437364842522
804.624824471111 0.532516711059881 0.524864962579465
804.724207256994 0.533150704313013 0.526137404669917
804.823529411765 0.532486128618427 0.525221248197075
804.922851566536 0.533213484807425 0.526075291648839
805.022234352419 0.533583706418862 0.526542718749523
805.121556497255 0.532460848067551 0.526625467797343
805.220939283137 0.53410105016987 0.526428430542211
805.320261437909 0.532735164397885 0.526832166315169
805.41958359268 0.534174084938869 0.528062038549939
805.518966378562 0.533369084926676 0.527053243243156
805.618288523399 0.533587981002047 0.527887001610396
805.717671309281 0.534439739838987 0.527137166619771
805.816993464052 0.533205943423215 0.528722580316871
805.916315618824 0.535053270144143 0.528342460391911
806.015698404706 0.533449792734595 0.528656959130911
806.115020549543 0.535214322616142 0.52883151661456
806.214403335425 0.533501384233775 0.5290573217061
806.313725490196 0.534873385088772 0.529865282953273
806.413047644968 0.53507830097835 0.528450822086337
806.51243043085 0.534206376842874 0.530344422453875
806.611752575687 0.536121912150553 0.529339371825143
806.711135361569 0.534147055323365 0.52997252350976
806.81045751634 0.534374282112226 0.530333304911807
806.909779671111 0.534629838234853 0.529948156284032
807.009162456994 0.535036979582911 0.530819146766835
807.10848460183 0.535334737989821 0.529560733921662
807.207867387713 0.534622105171978 0.530809035711375
807.307189542484 0.535697524846966 0.530903700681816
807.406511697255 0.535401998427171 0.531237311315221
807.505894483137 0.535301764749035 0.531614389563416
807.605216627974 0.535369034621261 0.530854209358922
807.704599413856 0.535424510968289 0.53143971359574
807.803921568628 0.535623397530677 0.532272495079658
807.903243723399 0.534983259109541 0.531263076828996
808.002626509281 0.536455300893651 0.530933977039099
808.101948654118 0.535275020733823 0.531305956348061
808.20133144 0.535654368038188 0.531869853711515
808.300653594771 0.535402027270524 0.531491061976087
808.399975749543 0.534946079821594 0.531331255808442
808.499358535425 0.536474171956663 0.531321807041018
808.598680680262 0.534371094726587 0.532380739159205
808.698063466144 0.535247320729479 0.531318574770897
808.797385620915 0.535058983421312 0.531695652418946
808.896707775686 0.535769963061561 0.530661124509584
808.996090561569 0.534847778374113 0.532138885400862
809.095412706406 0.534781328688871 0.530870252265402
809.194795492288 0.534734814637357 0.531779672079106
809.294117647059 0.534437973880712 0.530748888739449
809.39343980183 0.535458303847718 0.531107675629521
809.492822587713 0.533991834908917 0.531022246096315
809.592144732549 0.534737758849167 0.530918790182941
809.691527518432 0.53388731134612 0.530918045948181
809.790849673203 0.534017165996595 0.530942651610364
809.890171827974 0.534087993780748 0.530625324887291
809.989554613856 0.534338146902352 0.530175629014533
810.088876758693 0.533776540158045 0.53163130474431
810.188259544575 0.534089368179199 0.529263120628925
810.287581699347 0.53378913014972 0.530586365698817
810.386903854118 0.533059077340233 0.530206428279695
810.48628664 0.533735282412356 0.530622735372293
810.585608784837 0.533638084925475 0.530150965144929
810.684991570719 0.532818024125981 0.529808964532555
810.78431372549 0.532562726631709 0.530163314859263
810.883635880262 0.532852752297849 0.530721910021519
810.983018666144 0.53260061813062 0.529047852096066
811.082340810981 0.532670475272121 0.529823828706365
811.181723596863 0.532392822911853 0.529071428219579
811.281045751634 0.532069271945227 0.530577821950152
811.380367906405 0.531690319561082 0.528645688104249
811.479750692288 0.532301774010716 0.529386646729265
811.579072837125 0.531499440987112 0.529428571539574
811.678455623007 0.532096451188492 0.528659278078956
811.777777777778 0.5314370228811 0.528490379253295
811.877099932549 0.531410201636268 0.529314343243273
811.976482718432 0.5306937758658 0.528186420446804
812.075804863268 0.530095166228442 0.528669625434704
812.175187649151 0.531262277573287 0.528595538798235
812.274509803922 0.530372778514499 0.52749728216023
812.373831958693 0.530596236432947 0.529403736304059
812.473214744575 0.53025703155719 0.52730864162314
812.572536889412 0.529930223507606 0.52816169018361
812.671919675294 0.530151004777344 0.527940832983041
812.771241830066 0.529940102260579 0.527597196957768
812.870563984837 0.528846741098564 0.528269961420697
812.969946770719 0.529724832603702 0.526718781065372
813.069268915556 0.53015519277507 0.527604759374987
813.168651701438 0.52912604057798 0.526978120760264
813.267973856209 0.529005977276395 0.52765228281952
813.367296010981 0.53005570218221 0.526993357127248
813.466678796863 0.528679595998348 0.527111263332756
813.5660009417 0.52930636825923 0.528000622870763
813.665383727582 0.52829806631258 0.526398210383712
813.764705882353 0.528782314058922 0.526426025253356
813.864028037124 0.528785534426193 0.52757482260073
813.963410823007 0.528365698742825 0.526077235843838
814.062732967843 0.52823333113317 0.527255957280506
814.162115753726 0.52903909683775 0.526219695108336
814.261437908497 0.527614194521205 0.526531887870614
814.360760063268 0.528494087826126 0.52629451919497
814.460142849151 0.527519945344211 0.526386168221258
814.559464993987 0.528018841922076 0.52697101085775
814.658847779869 0.527882817609966 0.526571435678486
814.758169934641 0.527188503892675 0.526766456894846
814.857492089412 0.527930071666152 0.526041074300154
814.956874875294 0.528361167181465 0.525995304635657
815.056197020131 0.526886419521582 0.527162875856126
815.155579806013 0.528375502995951 0.525152641006276
815.254901960785 0.5269536114182 0.52709202086451
815.354224115556 0.528011884563055 0.525485162549099
815.453606901438 0.528412996452357 0.526889740198457
815.552929046275 0.526502596618703 0.525661119060783
815.652311832157 0.528212959126833 0.525893328605031
815.751633986928 0.526351628113692 0.526385232147391
815.8509561417 0.527918603883461 0.525148334992826
815.950338927582 0.526790542630387 0.526860779526797
816.049661072419 0.526246618974852 0.525289600346043
816.149043858301 0.527937206185252 0.526041246220257
816.248366013072 0.526425872132306 0.525601572930124
816.347688167843 0.527038120822547 0.5251478449928
816.447070953726 0.526705396089675 0.525715791567633
816.546393098562 0.526762141208889 0.525855679392941
816.645775884445 0.52657156188324 0.525791591786722
816.745098039216 0.526687779372 0.525456815603588
816.844420193987 0.526440430649051 0.52592730713224
816.943802979869 0.526703305291324 0.524566097729934
817.043125124706 0.525956468549014 0.526611485955572
817.142507910589 0.526300569969294 0.524378023709588
817.24183006536 0.526354907140871 0.524931065845142
817.341152220131 0.526033803273033 0.525194407797686
817.440535006013 0.526045143015796 0.525348909953465
817.53985715085 0.526166889903875 0.52451791875963
817.639239936732 0.526017546359774 0.525241974380265
817.738562091503 0.525899840042728 0.524876875337372
817.837884246275 0.525939599288935 0.524816049762506
817.937267032157 0.525738756528265 0.524565170513347
818.036589176994 0.526482610555686 0.524778836491782
818.135971962876 0.526317093884912 0.525224985832849
818.235294117647 0.525794353874911 0.524905604422211
818.334616272418 0.526288384363297 0.52509157625801
818.433999058301 0.525910581225206 0.526295226346322
818.533321203138 0.525389751560945 0.524430646802026
818.63270398902 0.525930146997086 0.525679525567467
818.732026143791 0.526211316473939 0.52524461657017
818.831348298562 0.525955710252344 0.525604583436043
818.930731084445 0.525929310948747 0.525556330460212
819.030053229281 0.526582264075174 0.525309250799547
819.129436015164 0.525507451565332 0.52601626060898
819.228758169935 0.526887529091992 0.525094377448982
819.328080324706 0.525834925192762 0.526362888689378
819.427463110588 0.52627948021182 0.525033223896088
819.526785255425 0.52675983056273 0.526227962489265
819.626168041308 0.525508301195474 0.526094469601923
819.725490196079 0.526644444036888 0.526722209974757
819.82481235085 0.525902758158558 0.525414458197029
819.924195136732 0.527046878409949 0.526635567056108
820.023517281569 0.526590532558783 0.526435098956652
820.122900067451 0.526405684066917 0.526245550490096
820.222222222223 0.527821403186007 0.526493716672702
820.321544376994 0.526146133574208 0.527015689156182
820.420927162876 0.528439958945354 0.526625499458585
820.520249307713 0.526082828230586 0.526403883762059
820.619632093595 0.52768281558091 0.527276300243131
820.718954248366 0.527070989461429 0.526862742764332
820.818276403137 0.526938212541467 0.526931325020931
820.91765918902 0.527575992881825 0.527576852318291
821.016981333857 0.52701023615938 0.526272981563284
821.116364119739 0.527763171822236 0.526929377078158
821.21568627451 0.527407213917111 0.527937700593241
821.315008429281 0.527733411342506 0.527299280933828
821.414391215164 0.52797723926657 0.52883161885872
821.51371336 0.527328874702912 0.526314350001345
821.613096145883 0.52929274633594 0.529124578092113
821.712418300654 0.527152218841893 0.527625512483539
821.811740455425 0.529118010841797 0.528066638327535
821.911123241308 0.527989854147557 0.528721789537964
822.010445386144 0.528463446983303 0.527670542670542
822.109828172026 0.528332149707504 0.528951933701387
822.209150326798 0.528464425700336 0.52774615747048
822.308472481569 0.529299994557122 0.528686089015225
822.407855267451 0.52791858326764 0.528923863105151
822.507177412288 0.528899475784424 0.528440720692239
822.60656019817 0.529608944580432 0.52970650840886
822.705882352942 0.528147954069482 0.528394590631549
822.805204507713 0.529876747518615 0.529541557217754
822.904587293595 0.527896521003166 0.528883513081286
823.003909438432 0.529754096524122 0.529095046691437
823.103292224314 0.528763486953397 0.530919668506428
823.202614379085 0.529469386132976 0.529476774832561
823.301936533856 0.529825147835554 0.530195689164523
823.401319319739 0.528587017670721 0.529683053802169
823.500641464575 0.530656591306117 0.530950523741384
823.600024250458 0.529053232030856 0.529106026973877
823.699346405229 0.529481433628535 0.530685698049462
823.79866856 0.530357265613165 0.530525619971262
823.898051345883 0.529676919083368 0.531269870666833
823.997373490719 0.530869322346767 0.529928200262825
824.096756276602 0.529654735171991 0.530149337421461
824.196078431373 0.530405806054432 0.530480708205997
824.295400586144 0.52954722899103 0.531405366832435
824.394783372026 0.530867306606935 0.530742272237017
824.494105516863 0.53028424222996 0.531522066809902
824.593488302745 0.530357695721921 0.530590074367803
824.692810457517 0.530867345577327 0.53170797961833
824.792132612288 0.530157978796695 0.530641124102706
824.89151539817 0.53091283600513 0.531428445215848
824.990837543007 0.531118199743576 0.531328979313595
825.090220328889 0.530578461475479 0.532012627279334
825.18954248366 0.530774744863084 0.530813670782443
825.288864638432 0.531172208491825 0.531657425757895
825.388247424314 0.53131771824221 0.532212944064799
825.487569569151 0.530891262441675 0.532110875382277
825.586952355033 0.531030507343739 0.531591087887573
825.686274509804 0.532134762236611 0.532062419787674
825.785596664576 0.531124451425499 0.53149200959577
825.884979450458 0.531470791808571 0.532000424817455
825.984301595295 0.531622852879339 0.531840534141273
826.083684381177 0.531571116362302 0.531883579116772
826.183006535948 0.531402948426298 0.532646620250206
826.282328690719 0.532041935851923 0.531755159213289
826.381711476602 0.53237649894362 0.531987040650565
826.481033621438 0.53067734498551 0.532926167404897
826.580416407321 0.532876091255501 0.532046174714241
826.679738562092 0.531476162582863 0.532491141297753
826.779060716863 0.532539009493842 0.532602580556399
826.878443502745 0.531995386841895 0.53252772184907
826.977765647582 0.532489820826577 0.531985672260316
827.077148433464 0.532007126754612 0.533363381681412
827.176470588236 0.53260789023527 0.532650630009747
827.275792743007 0.532562293563066 0.533266410243461
827.375175528889 0.53171044928751 0.533744181876289
827.474497673726 0.533365502237244 0.532670429614026
827.573880459608 0.531280843174456 0.533031550536582
827.673202614379 0.533240960357946 0.533063287904183
827.772524769151 0.532143021937567 0.534258704446156
827.871907555033 0.532879884357626 0.533218790880518
827.97122969987 0.53341828318688 0.533729104186937
828.070612485752 0.532311713593223 0.533483206707917
828.169934640523 0.533369163345234 0.534597552448276
828.269256795294 0.532887982427147 0.533830584097899
828.368639581177 0.534354596277342 0.533898977268247
828.467961726013 0.532975706744878 0.534628286399833
828.567344511896 0.533221624482701 0.533705765725799
828.666666666667 0.533811659345325 0.533965417938419
828.765988821438 0.532991542004936 0.534825730397671
828.865371607321 0.534322533565902 0.533462632932339
828.964693752157 0.532916319772401 0.535425689925696
829.06407653804 0.535006904500682 0.533233975288629
829.163398692811 0.533776024193119 0.534941462517271
829.262720847582 0.534149284437931 0.534417997375333
829.362103633464 0.534468156590134 0.534718414361923
829.461425778301 0.534413047774103 0.533999120252538
829.560808564183 0.535136173896319 0.534596361569499
829.660130718955 0.533203789155196 0.535939943182384
829.759452873726 0.53471751420418 0.534011488588388
829.858835659608 0.534291592605778 0.534419255609174
829.958157804445 0.535067129938444 0.534998584614022
830.057540590327 0.535030719969542 0.534346858483977
830.156862745098 0.534435677372683 0.534909482562557
830.25618489987 0.535969047878366 0.53463810785751
830.355567685752 0.533385726477044 0.535410654616233
830.454889830589 0.53513504008117 0.53372531329345
830.554272616471 0.533850060700386 0.535834198830664
830.653594771242 0.535580061332004 0.534047207772385
830.752916926013 0.535246015072292 0.535779217652727
830.852299711896 0.534333587248015 0.533775848932471
830.951621856732 0.536177830521178 0.534973217565944
831.051004642615 0.534201794718576 0.535202778904916
831.150326797386 0.535449080827826 0.534886877950821
831.249648952157 0.534455569230457 0.535139554046277
831.349031738039 0.5348749524465 0.535073561202065
831.448353882876 0.535409200379443 0.535089720349997
831.547736668759 0.53448363979558 0.535854195157561
831.64705882353 0.535234073256776 0.534537748528648
831.746380978301 0.534748170939281 0.535662293030187
831.845763764183 0.535400581545551 0.534530980015291
831.94508590902 0.534974732404088 0.535184968459804
832.044468694902 0.534940122514172 0.535163107767397
832.143790849674 0.535119314067303 0.534641625632709
832.243113004445 0.534811221536939 0.535698715786448
832.342495790327 0.53503039658913 0.534770720138076
832.441817935164 0.535375629437869 0.53534211552211
832.541200721046 0.534748371882461 0.53425361669638
832.640522875817 0.534778054535758 0.535690115153722
832.739845030589 0.534360026164289 0.535026187822214
832.839227816471 0.535543680464039 0.534529889412857
832.938549961308 0.534109244650881 0.535291739120624
833.03793274719 0.534916280806261 0.534656689624418
833.137254901961 0.535085399595504 0.535055105705426
833.236577056732 0.534180438089225 0.534349343555378
833.335959842615 0.535050751234442 0.534808075720127
833.435281987451 0.534165607097161 0.534731621960236
833.534664773334 0.534871267121381 0.534554994894995
833.633986928105 0.535126790269444 0.534551434282741
833.733309082876 0.534174039236768 0.533927757553269
833.832691868759 0.534088503798031 0.534294469971132
833.932014013595 0.534615792057299 0.533674885107612
834.031396799477 0.534078393105698 0.534666720651078
834.130718954249 0.53532189377552 0.533980247654854
834.23004110902 0.533896270274809 0.534119684671191
834.329423894902 0.535067606558519 0.533660710833886
834.428746039739 0.533043539377617 0.534213845769779
834.528128825621 0.534720503724091 0.533529410930137
834.627450980392 0.533834957078085 0.533665010818577
834.726773135164 0.534102342946493 0.533555480144962
834.826155921046 0.533920313354618 0.533653020692187
834.925478065883 0.533612237735247 0.533670643004033
835.024860851765 0.535351414865361 0.533537962320318
835.124183006536 0.532844386478885 0.533370903998017
835.223505161308 0.534873739051366 0.53374275034598
835.32288794719 0.533058271409607 0.532561265168924
835.422210092026 0.533730123808993 0.533817892183781
835.521592877909 0.534972867508668 0.533167746230808
835.62091503268 0.532021800168746 0.533195444518077
835.720237187451 0.534462552208853 0.533599778351858
835.819619973334 0.532669643868974 0.532875356770329
835.91894211817 0.533907540661901 0.533665629904431
836.018324904053 0.533667595190507 0.532550092204847
836.117647058824 0.533288116968825 0.533470287441692
836.216969213595 0.533233373429915 0.533222677380599
836.316351999477 0.53305721567993 0.532481229070829
836.415674144314 0.53301382611424 0.533796642884293
836.515056930197 0.53342280356464 0.532828178922738
836.614379084968 0.533707896752731 0.532722411948647
836.713701239739 0.532993412637804 0.53296944183881
836.813084025621 0.532427932393863 0.53382164780336
836.912406170458 0.532658427753069 0.532065896168465
837.01178895634 0.5334522681951 0.533131195557242
837.111111111111 0.532981868546933 0.53309223603213
837.210433265883 0.53270190443076 0.532752813681217
837.309816051765 0.532697416379176 0.533358000573045
837.409138196602 0.532788931148773 0.532222001535498
837.508520982484 0.532712983880977 0.533881066326303
837.607843137255 0.53316741998569 0.531787363990625
837.707165292026 0.532496201648995 0.533637274762418
837.806548077909 0.533244001960777 0.532457392566482
837.905870222746 0.532697953335338 0.532504744681978
838.005253008628 0.53266032473399 0.533802160771321
838.104575163399 0.532698709566448 0.531805476653034
838.20389731817 0.532621487315024 0.533388341306234
838.303280104053 0.532503213721038 0.532986974560492
838.402602248889 0.532787545969851 0.532221732743678
838.501985034772 0.532082525860803 0.533160410552767
838.601307189543 0.532792283229956 0.532357379304943
838.700629344314 0.531967324434996 0.533428445048906
838.800012130196 0.533038815477472 0.532744624741846
838.899334275033 0.532841502837201 0.533556032389955
838.998717060915 0.532494537029079 0.532243830204285
839.098039215687 0.532287514452325 0.532433494234914
839.197361370458 0.532452956438052 0.533484472114648
839.29674415634 0.532860158709833 0.531609383925407
839.396066301177 0.532305650962304 0.533342190442881
839.495449087059 0.53257820713097 0.532471995633622
839.594771241831 0.532625777626866 0.532989737296863
839.694093396602 0.532147116500278 0.533005234804929
839.793476182484 0.532406747035509 0.533412640480547
839.892798327321 0.53174604301017 0.53280311428561
839.992181113203 0.532913023778388 0.532437618303915
840.091503267974 0.532506600657617 0.533700259521252
